memory_initialization_radix = 16;
memory_initialization_vector =
    
    0000000000000000, 

    2020202020200020, 

    1414000000000000, 

    5050FC28287E1414, 

    107814143850503C, 

    11120A0964949262, 

    0C12124C5222629C, 

    2020000000000000, 

    2020101010101020, 

    0404080808080804, 

    5438541000000000, 

    00101010FE101010, 

    0000000000008080, 

    0000000070000000, 

    0000000000008080, 

    8080404040404020, 

    3844444444444438, 

    080C08080808081C, 

    1C2220100804023E, 

    1C2220182020221C, 

    101814123E101010, 

    3E02021E2020221C, 

    1804021E2222221C, 

    7C20201010080804, 

    1C22221C2222221C, 

    1C2222223C20100C, 

    0000080800000808, 

    0000080800000808, 

    0040300C020C3040, 
	
    0000007F007F0000, 

    00020C3040300C02, 

    1C20201008080008, 

    3E419C9292927C01, 

    18182424247E4242, 

    1E22221E2222221E, 

    7804020202020478, 

    1E2242424242221E, 

    7C04043C0404047C, 

    7C04047C04040404, 

    7804020272424478, 

    4242427E42424242, 

    1C0808080808081C, 

    1C1010101010100E, 

    4424140C0C142444, 

    040404040404043C, 

    6363555549494141, 

    46464A4A52526262, 

    1C2241414141221C, 

    3C4444443C040404, 

    1C2241414141221C, 

    1E2222221E122242, 

    3C02021C2020201E, 

    3E08080808080808, 

    424242424242423C, 

    2222221414140808, 

    8989895555552222, 

    2222140808142222, 

    2222141408080808, 

    3E2010080804023E, 

    0808080808080808, 

    0404080808080810, 

    0808080808080808, 

    0814224100000000, 

    0000000000000000, 

    0800000000000000, 
	
    00001C203C22223C, 

    04043C444444443C, 

    0000380404040438, 

    20203C222222223C, 

    00001C223E02221C, 

    04028740201008, 

    3C222222223C2020, 

    02021E2222222222, 

    0800080808080808, 

    08000C0808080808, 

    0202120A060A1222, 

    0808080808080808, 

    00006E9292929292, 

    00001E2222222222, 
	
    00001C222222221C, 

    3C444444443C0404, 

    7844444444784040, 

    00340C0404040404, 

    001C020618100E00, 

    04041C0404040418, 
	
    000022222222223C, 

    0000222214140808, 

    0000494955552222, 

    0022140808142200, 

    0044442828101008, 

    003C201008043C00, 

    101010100C101010, 

    1010101010101010, 

    0808080830080808, 

    0000004649310000, 

    1C1414141414141C;

